12 40     
0000000000000200000000020000000000000000
0000000001140004000004000411000000000000
0000000040000000000000000000400000000000
0000000400000003001003000000040000000000
0000000040111111111111111110400000000000
0000000400000000000000000000040000000000
0000000400000001111111110000040000000000
0000004000000100000000000100004000000000
0000004000010000000000000010004000000410
0000004000000100000000000100004000004001
0000000400000011111111110000041111140000
0000021111400000000000000041111200000000
